0	0	0
0.00628319	0	0
0.0125664	0	0
0.0188496	0	0
0.0251327	0	0
0.0314159	0	0
0.0376991	0	0
0.0439823	0	0
0.0502655	0	0
0.0565487	0	0
0.0628319	0	0
0.069115	0	0
0.0753982	0	0
0.0816814	0	0
0.0879646	0	0
0.0942478	0	0
0.100531	0	0
0.106814	0	0
0.113097	0	0
0.119381	0	0
0.125664	0	0
0.131947	0	0
0.13823	0	0
0.144513	0	0
0.150796	0	0
0.15708	0	0
0.163363	0	0
0.169646	0	0
0.175929	0	0
0.182212	0	0
0.188496	0	0
0.194779	0	0
0.201062	0	0
0.207345	0	0
0.213628	0	0
0.219911	0	0
0.226195	0	0
0.232478	0	0
0.238761	0	0
0.245044	0	0
0.251327	0	0
0.257611	0	0
0.263894	0	0
0.270177	0	0
0.27646	0	0
0.282743	0	0
0.289027	0	0
0.29531	0	0
0.301593	0	0
0.307876	0	0
0.314159	0	0
0.320442	0	0
0.326726	0	0
0.333009	0	0
0.339292	0	0
0.345575	0	0
0.351858	0	0
0.358142	0	0
0.364425	0	0
0.370708	0	0
0.376991	0	0
0.383274	0	0
0.389557	0	0
0.395841	0	0
0.402124	0	0
0.408407	0	0
0.41469	0	0
0.420973	0	0
0.427257	0	0
0.43354	0	0
0.439823	0	0
0.446106	0	0
0.452389	0	0
0.458673	0	0
0.464956	0	0
0.471239	0	0
0.477522	0	0
0.483805	0	0
0.490088	0	0
0.496372	0	0
0.502655	0	0
0.508938	0	0
0.515221	0	0
0.521504	0	0
0.527788	0	0
0.534071	0	0
0.540354	0	0
0.546637	0	0
0.55292	0	0
0.559203	0	0
0.565487	0	0
0.57177	0	0
0.578053	0	0
0.584336	0	0
0.590619	0	0
0.596903	0	0
0.603186	0	0
0.609469	0	0
0.615752	0	0
0.622035	0	0
0.628319	0	0
0.634602	0	0
0.640885	0	0
0.647168	0	0
0.653451	0	0
0.659734	0	0
0.666018	0	0
0.672301	0	0
0.678584	0	0
0.684867	0	0
0.69115	0	0
0.697434	0	0
0.703717	0	0
0.71	0	0
0.716283	0	0
0.722566	0	0
0.728849	0	0
0.735133	0	0
0.741416	0	0
0.747699	0	0
0.753982	0	0
0.760265	0	0
0.766549	0	0
0.772832	0	0
0.779115	0	0
0.785398	0	0
0.791681	0	0
0.797965	0	0
0.804248	0	0
0.810531	0	0
0.816814	0	0
0.823097	0	0
0.82938	0	0
0.835664	0	0
0.841947	0	0
0.84823	0	0
0.854513	0	0
0.860796	0	0
0.86708	0	0
0.873363	0	0
0.879646	0	0
0.885929	0	0
0.892212	0	0
0.898495	0	0
0.904779	0	0
0.911062	0	0
0.917345	0	0
0.923628	0	0
0.929911	0	0
0.936195	0	0
0.942478	0	0
0.948761	0	0
0.955044	0	0
0.961327	0	0
0.967611	0	0
0.973894	0	0
0.980177	0	0
0.98646	0	0
0.992743	0	0
0.999026	0	0
1.00531	0	0
1.01159	0	0
1.01788	0	0
1.02416	0	0
1.03044	0	0
1.03673	0	0
1.04301	0	0
1.04929	0	0
1.05558	0	0
1.06186	0	0
1.06814	0	0
1.07442	0	0
1.08071	0	0
1.08699	0	0
1.09327	0	0
1.09956	0	0
1.10584	0	0
1.11212	0	0
1.11841	0	0
1.12469	0	0
1.13097	0	0
1.13726	0	0
1.14354	0	0
1.14982	0	0
1.15611	0	0
1.16239	0	0
1.16867	0	0
1.17496	0	0
1.18124	0	0
1.18752	0	0
1.19381	0	0
1.20009	0	0
1.20637	0	0
1.21265	0	0
1.21894	0	0
1.22522	0	0
1.2315	0	0
1.23779	0	0
1.24407	0	0
1.25035	0	0
1.25664	0	0
1.26292	0	0
1.2692	0	0
1.27549	0	0
1.28177	0	0
1.28805	0	0
1.29434	0	0
1.30062	0	0
1.3069	0	0
1.31319	0	0
1.31947	0	0
1.32575	0	0
1.33204	0	0
1.33832	0	0
1.3446	0	0
1.35088	0	0
1.35717	0	0
1.36345	0	0
1.36973	0	0
1.37602	0	0
1.3823	0	0
1.38858	0	0
1.39487	0	0
1.40115	0	0
1.40743	0	0
1.41372	0	0
1.42	0	0
1.42628	0	0
1.43257	0	0
1.43885	0	0
1.44513	0	0
1.45142	0	0
1.4577	0	0
1.46398	0	0
1.47027	0	0
1.47655	0	0
1.48283	0	0
1.48911	0	0
1.4954	0	0
1.50168	0	0
1.50796	0	0
1.51425	0	0
1.52053	0	0
1.52681	0	0
1.5331	0	0
1.53938	0	0
1.54566	0	0
1.55195	0	0
1.55823	0	0
1.56451	0	0
1.5708	0	0
1.57708	0	0
1.58336	0	0
1.58965	0	0
1.59593	0	0
1.60221	0	0
1.6085	0	0
1.61478	0	0
1.62106	0	0
1.62734	0	0
1.63363	0	0
1.63991	0	0
1.64619	0	0
1.65248	0	0
1.65876	0	0
1.66504	0	0
1.67133	0	0
1.67761	0	0
1.68389	0	0
1.69018	0	0
1.69646	0	0
1.70274	0	0
1.70903	0	0
1.71531	0	0
1.72159	0	0
1.72788	0	0
1.73416	0	0
1.74044	0	0
1.74673	0	0
1.75301	0	0
1.75929	0	0
1.76558	0	0
1.77186	0	0
1.77814	0	0
1.78442	0	0
1.79071	0	0
1.79699	0	0
1.80327	0	0
1.80956	0	0
1.81584	0	0
1.82212	0	0
1.82841	0	0
1.83469	0	0
1.84097	0	0
1.84726	0	0
1.85354	0	0
1.85982	0	0
1.86611	0	0
1.87239	0	0
1.87867	0	0
1.88496	0	0
1.89124	0	0
1.89752	0	0
1.90381	0	0
1.91009	0	0
1.91637	0	0
1.92265	0	0
1.92894	0	0
1.93522	0	0
1.9415	0	0
1.94779	0	0
1.95407	0	0
1.96035	0	0
1.96664	0	0
1.97292	0	0
1.9792	0	0
1.98549	0	0
1.99177	0	0
1.99805	0	0
2.00434	0	0
2.01062	0	0
2.0169	0	0
2.02319	0	0
2.02947	0	0
2.03575	0	0
2.04204	0	0
2.04832	0	0
2.0546	0	0
2.06088	0	0
2.06717	0	0
2.07345	0	0
2.07973	0	0
2.08602	0	0
2.0923	0	0
2.09858	0	0
2.10487	0	0
2.11115	0	0
2.11743	0	0
2.12372	0	0
2.13	0	0
2.13628	0	0
2.14257	0	0
2.14885	0	0
2.15513	0	0
2.16142	0	0
2.1677	0	0
2.17398	0	0
2.18027	0	0
2.18655	0	0
2.19283	0	0
2.19911	0	0
2.2054	0	0
2.21168	0	0
2.21796	0	0
2.22425	0	0
2.23053	0	0
2.23681	0	0
2.2431	0	0
2.24938	0	0
2.25566	0	0
2.26195	0	0
2.26823	0	0
2.27451	0	0
2.2808	0	0
2.28708	0	0
2.29336	0	0
2.29965	0	0
2.30593	0	0
2.31221	0	0
2.3185	0	0
2.32478	0	0
2.33106	0	0
2.33734	0	0
2.34363	0	0
2.34991	0	0
2.35619	0	0
2.36248	0	0
2.36876	0	0
2.37504	0	0
2.38133	0	0
2.38761	0	0
2.39389	0	0
2.40018	0	0
2.40646	0	0
2.41274	0	0
2.41903	0	0
2.42531	0	0
2.43159	0	0
2.43788	0	0
2.44416	0	0
2.45044	0	0
2.45673	0	0
2.46301	0	0
2.46929	0	0
2.47558	0	0
2.48186	0	0
2.48814	0	0
2.49442	0	0
2.50071	0	0
2.50699	0	0
2.51327	0	0
2.51956	0	0
2.52584	0	0
2.53212	0	0
2.53841	0	0
2.54469	0	0
2.55097	0	0
2.55726	0	0
2.56354	0	0
2.56982	0	0
2.57611	0	0
2.58239	0	0
2.58867	0	0
2.59496	0	0
2.60124	0	0
2.60752	0	0
2.61381	0	0
2.62009	0	0
2.62637	0	0
2.63265	0	0
2.63894	0	0
2.64522	0	0
2.6515	0	0
2.65779	0	0
2.66407	0	0
2.67035	0	0
2.67664	0	0
2.68292	0	0
2.6892	0	0
2.69549	0	0
2.70177	0	0
2.70805	0	0
2.71434	0	0
2.72062	0	0
2.7269	0	0
2.73319	0	0
2.73947	0	0
2.74575	0	0
2.75204	0	0
2.75832	0	0
2.7646	0	0
2.77088	0	0
2.77717	0	0
2.78345	0	0
2.78973	0	0
2.79602	0	0
2.8023	0	0
2.80858	0	0
2.81487	0	0
2.82115	0	0
2.82743	0	0
2.83372	0	0
2.84	0	0
2.84628	0	0
2.85257	0	0
2.85885	0	0
2.86513	0	0
2.87142	0	0
2.8777	0	0
2.88398	0	0
2.89027	0	0
2.89655	0	0
2.90283	0	0
2.90911	0	0
2.9154	0	0
2.92168	0	0
2.92796	0	0
2.93425	0	0
2.94053	0	0
2.94681	0	0
2.9531	0	0
2.95938	0	0
2.96566	0	0
2.97195	0	0
2.97823	0	0
2.98451	0	0
2.9908	0	0
2.99708	0	0
3.00336	0	0
3.00965	0	0
3.01593	0	0
3.02221	0	0
3.0285	0	0
3.03478	0	0
3.04106	0	0
3.04734	0	0
3.05363	0	0
3.05991	0	0
3.06619	0	0
3.07248	0	0
3.07876	0	0
3.08504	0	0
3.09133	0	0
3.09761	0	0
3.10389	0	0
3.11018	0	0
3.11646	0	0
3.12274	0	0
3.12903	0	0
3.13531	0	0
3.14159	0	0
3.14788	0	0
3.15416	0	0
3.16044	0	0
3.16673	0	0
3.17301	0	0
3.17929	0	0
3.18557	0	0
3.19186	0	0
3.19814	0	0
3.20442	0	0
3.21071	0	0
3.21699	0	0
3.22327	0	0
3.22956	0	0
3.23584	0	0
3.24212	0	0
3.24841	0	0
3.25469	0	0
3.26097	0	0
3.26726	0	0
3.27354	0	0
3.27982	0	0
3.28611	0	0
3.29239	0	0
3.29867	0	0
3.30496	0	0
3.31124	0	0
3.31752	0	0
3.32381	0	0
3.33009	0	0
3.33637	0	0
3.34265	0	0
3.34894	0	0
3.35522	0	0
3.3615	0	0
3.36779	0	0
3.37407	0	0
3.38035	0	0
3.38664	0	0
3.39292	0	0
3.3992	0	0
3.40549	0	0
3.41177	0	0
3.41805	0	0
3.42434	0	0
3.43062	0	0
3.4369	0	0
3.44319	0	0
3.44947	0	0
3.45575	0	0
3.46204	0	0
3.46832	0	0
3.4746	0	0
3.48088	0	0
3.48717	0	0
3.49345	0	0
3.49973	0	0
3.50602	0	0
3.5123	0	0
3.51858	0	0
3.52487	0	0
3.53115	0	0
3.53743	0	0
3.54372	0	0
3.55	0	0
3.55628	0	0
3.56257	0	0
3.56885	0	0
3.57513	0	0
3.58142	0	0
3.5877	0	0
3.59398	0	0
3.60027	0	0
3.60655	0	0
3.61283	0	0
3.61911	0	0
3.6254	0	0
3.63168	0	0
3.63796	0	0
3.64425	0	0
3.65053	0	0
3.65681	0	0
3.6631	0	0
3.66938	0	0
3.67566	0	0
3.68195	0	0
3.68823	0	0
3.69451	0	0
3.7008	0	0
3.70708	0	0
3.71336	0	0
3.71965	0	0
3.72593	0	0
3.73221	0	0
3.7385	0	0
3.74478	0	0
3.75106	0	0
3.75734	0	0
3.76363	0	0
3.76991	0	0
3.77619	0	0
3.78248	0	0
3.78876	0	0
3.79504	0	0
3.80133	0	0
3.80761	0	0
3.81389	0	0
3.82018	0	0
3.82646	0	0
3.83274	0	0
3.83903	0	0
3.84531	0	0
3.85159	0	0
3.85788	0	0
3.86416	0	0
3.87044	0	0
3.87673	0	0
3.88301	0	0
3.88929	0	0
3.89557	0	0
3.90186	0	0
3.90814	0	0
3.91442	0	0
3.92071	0	0
3.92699	0	0
3.93327	0	0
3.93956	0	0
3.94584	0	0
3.95212	0	0
3.95841	0	0
3.96469	0	0
3.97097	0	0
3.97726	0	0
3.98354	0	0
3.98982	0	0
3.99611	0	0
4.00239	0	0
4.00867	0	0
4.01496	0	0
4.02124	0	0
4.02752	0	0
4.0338	0	0
4.04009	0	0
4.04637	0	0
4.05265	0	0
4.05894	0	0
4.06522	0	0
4.0715	0	0
4.07779	0	0
4.08407	0	0
4.09035	0	0
4.09664	0	0
4.10292	0	0
4.1092	0	0
4.11549	0	0
4.12177	0	0
4.12805	0	0
4.13434	0	0
4.14062	0	0
4.1469	0	0
4.15319	0	0
4.15947	0	0
4.16575	0	0
4.17204	0	0
4.17832	0	0
4.1846	0	0
4.19088	0	0
4.19717	0	0
4.20345	0	0
4.20973	0	0
4.21602	0	0
4.2223	0	0
4.22858	0	0
4.23487	0	0
4.24115	0	0
4.24743	0	0
4.25372	0	0
4.26	0	0
4.26628	0	0
4.27257	0	0
4.27885	0	0
4.28513	0	0
4.29142	0	0
4.2977	0	0
4.30398	0	0
4.31027	0	0
4.31655	0	0
4.32283	0	0
4.32911	0	0
4.3354	0	0
4.34168	0	0
4.34796	0	0
4.35425	0	0
4.36053	0	0
4.36681	0	0
4.3731	0	0
4.37938	0	0
4.38566	0	0
4.39195	0	0
4.39823	0	0
4.40451	0	0
4.4108	0	0
4.41708	0	0
4.42336	0	0
4.42965	0	0
4.43593	0	0
4.44221	0	0
4.4485	0	0
4.45478	0	0
4.46106	0	0
4.46734	0	0
4.47363	0	0
4.47991	0	0
4.48619	0	0
4.49248	0	0
4.49876	0	0
4.50504	0	0
4.51133	0	0
4.51761	0	0
4.52389	0	0
4.53018	0	0
4.53646	0	0
4.54274	0	0
4.54903	0	0
4.55531	0	0
4.56159	0	0
4.56788	0	0
4.57416	0	0
4.58044	0	0
4.58673	0	0
4.59301	0	0
4.59929	0	0
4.60557	0	0
4.61186	0	0
4.61814	0	0
4.62442	0	0
4.63071	0	0
4.63699	0	0
4.64327	0	0
4.64956	0	0
4.65584	0	0
4.66212	0	0
4.66841	0	0
4.67469	0	0
4.68097	0	0
4.68726	0	0
4.69354	0	0
4.69982	0	0
4.70611	0	0
4.71239	0	0
4.71867	0	0
4.72496	0	0
4.73124	0	0
4.73752	0	0
4.7438	0	0
4.75009	0	0
4.75637	0	0
4.76265	0	0
4.76894	0	0
4.77522	0	0
4.7815	0	0
4.78779	0	0
4.79407	0	0
4.80035	0	0
4.80664	0	0
4.81292	0	0
4.8192	0	0
4.82549	0	0
4.83177	0	0
4.83805	0	0
4.84434	0	0
4.85062	0	0
4.8569	0	0
4.86319	0	0
4.86947	0	0
4.87575	0	0
4.88203	0	0
4.88832	0	0
4.8946	0	0
4.90088	0	0
4.90717	0	0
4.91345	0	0
4.91973	0	0
4.92602	0	0
4.9323	0	0
4.93858	0	0
4.94487	0	0
4.95115	0	0
4.95743	0	0
4.96372	0	0
4.97	0	0
4.97628	0	0
4.98257	0	0
4.98885	0	0
4.99513	0	0
5.00142	0	0
5.0077	0	0
5.01398	0	0
5.02027	0	0
5.02655	0	0
5.03283	0	0
5.03911	0	0
5.0454	0	0
5.05168	0	0
5.05796	0	0
5.06425	0	0
5.07053	0	0
5.07681	0	0
5.0831	0	0
5.08938	0	0
5.09566	0	0
5.10195	0	0
5.10823	0	0
5.11451	0	0
5.1208	0	0
5.12708	0	0
5.13336	0	0
5.13965	0	0
5.14593	0	0
5.15221	0	0
5.1585	0	0
5.16478	0	0
5.17106	0	0
5.17734	0	0
5.18363	0	0
5.18991	0	0
5.19619	0	0
5.20248	0	0
5.20876	0	0
5.21504	0	0
5.22133	0	0
5.22761	0	0
5.23389	0	0
5.24018	0	0
5.24646	0	0
5.25274	0	0
5.25903	0	0
5.26531	0	0
5.27159	0	0
5.27788	0	0
5.28416	0	0
5.29044	0	0
5.29673	0	0
5.30301	0	0
5.30929	0	0
5.31557	0	0
5.32186	0	0
5.32814	0	0
5.33442	0	0
5.34071	0	0
5.34699	0	0
5.35327	0	0
5.35956	0	0
5.36584	0	0
5.37212	0	0
5.37841	0	0
5.38469	0	0
5.39097	0	0
5.39726	0	0
5.40354	0	0
5.40982	0	0
5.41611	0	0
5.42239	0	0
5.42867	0	0
5.43496	0	0
5.44124	0	0
5.44752	0	0
5.4538	0	0
5.46009	0	0
5.46637	0	0
5.47265	0	0
5.47894	0	0
5.48522	0	0
5.4915	0	0
5.49779	0	0
5.50407	0	0
5.51035	0	0
5.51664	0	0
5.52292	0	0
5.5292	0	0
5.53549	0	0
5.54177	0	0
5.54805	0	0
5.55434	0	0
5.56062	0	0
5.5669	0	0
5.57319	0	0
5.57947	0	0
5.58575	0	0
5.59203	0	0
5.59832	0	0
5.6046	0	0
5.61088	0	0
5.61717	0	0
5.62345	0	0
5.62973	0	0
5.63602	0	0
5.6423	0	0
5.64858	0	0
5.65487	0	0
5.66115	0	0
5.66743	0	0
5.67372	0	0
5.68	0	0
5.68628	0	0
5.69257	0	0
5.69885	0	0
5.70513	0	0
5.71142	0	0
5.7177	0	0
5.72398	0	0
5.73027	0	0
5.73655	0	0
5.74283	0	0
5.74911	0	0
5.7554	0	0
5.76168	0	0
5.76796	0	0
5.77425	0	0
5.78053	0	0
5.78681	0	0
5.7931	0	0
5.79938	0	0
5.80566	0	0
5.81195	0	0
5.81823	0	0
5.82451	0	0
5.8308	0	0
5.83708	0	0
5.84336	0	0
5.84965	0	0
5.85593	0	0
5.86221	0	0
5.8685	0	0
5.87478	0	0
5.88106	0	0
5.88734	0	0
5.89363	0	0
5.89991	0	0
5.90619	0	0
5.91248	0	0
5.91876	0	0
5.92504	0	0
5.93133	0	0
5.93761	0	0
5.94389	0	0
5.95018	0	0
5.95646	0	0
5.96274	0	0
5.96903	0	0
5.97531	0	0
5.98159	0	0
5.98788	0	0
5.99416	0	0
6.00044	0	0
6.00673	0	0
6.01301	0	0
6.01929	0	0
6.02557	0	0
6.03186	0	0
6.03814	0	0
6.04442	0	0
6.05071	0	0
6.05699	0	0
6.06327	0	0
6.06956	0	0
6.07584	0	0
6.08212	0	0
6.08841	0	0
6.09469	0	0
6.10097	0	0
6.10726	0	0
6.11354	0	0
6.11982	0	0
6.12611	0	0
6.13239	0	0
6.13867	0	0
6.14496	0	0
6.15124	0	0
6.15752	0	0
6.1638	0	0
6.17009	0	0
6.17637	0	0
6.18265	0	0
6.18894	0	0
6.19522	0	0
6.2015	0	0
6.20779	0	0
6.21407	0	0
6.22035	0	0
6.22664	0	0
6.23292	0	0
6.2392	0	0
6.24549	0	0
6.25177	0	0
6.25805	0	0
6.26434	0	0
6.27062	0	0
6.2769	0	0
6.28319	0	0
6.28947	0	0
6.29575	0	0
6.30203	0	0
6.30832	0	0
6.3146	0	0
6.32088	0	0
6.32717	0	0
6.33345	0	0
6.33973	0	0
6.34602	0	0
6.3523	0	0
6.35858	0	0
6.36487	0	0
6.37115	0	0
6.37743	0	0
6.38372	0	0
6.39	0	0
6.39628	0	0
6.40257	0	0
6.40885	0	0
6.41513	0	0
6.42142	0	0
6.4277	0	0
6.43398	0	0
6.44026	0	0
6.44655	0	0
6.45283	0	0
6.45911	0	0
6.4654	0	0
6.47168	0	0
6.47796	0	0
6.48425	0	0
6.49053	0	0
6.49681	0	0
6.5031	0	0
6.50938	0	0
6.51566	0	0
6.52195	0	0
6.52823	0	0
6.53451	0	0
6.5408	0	0
6.54708	0	0
6.55336	0	0
6.55965	0	0
6.56593	0	0
6.57221	0	0
6.5785	0	0
6.58478	0	0
6.59106	0	0
6.59734	0	0
6.60363	0	0
6.60991	0	0
6.61619	0	0
6.62248	0	0
6.62876	0	0
6.63504	0	0
6.64133	0	0
6.64761	0	0
6.65389	0	0
6.66018	0	0
6.66646	0	0
6.67274	0	0
6.67903	0	0
6.68531	0	0
6.69159	0	0
6.69788	0	0
6.70416	0	0
6.71044	0	0
6.71673	0	0
6.72301	0	0
6.72929	0	0
6.73557	0	0
6.74186	0	0
6.74814	0	0
6.75442	0	0
6.76071	0	0
6.76699	0	0
6.77327	0	0
6.77956	0	0
6.78584	0	0
6.79212	0	0
6.79841	0	0
6.80469	0	0
6.81097	0	0
6.81726	0	0
6.82354	0	0
6.82982	0	0
6.83611	0	0
6.84239	0	0
6.84867	0	0
6.85496	0	0
6.86124	0	0
6.86752	0	0
6.8738	0	0
6.88009	0	0
6.88637	0	0
6.89265	0	0
6.89894	0	0
6.90522	0	0
6.9115	0	0
6.91779	0	0
6.92407	0	0
6.93035	0	0
6.93664	0	0
6.94292	0	0
6.9492	0	0
6.95549	0	0
6.96177	0	0
6.96805	0	0
6.97434	0	0
6.98062	0	0
6.9869	0	0
6.99319	0	0
6.99947	0	0
7.00575	0	0
7.01203	0	0
7.01832	0	0
7.0246	0	0
7.03088	0	0
7.03717	0	0
7.04345	0	0
7.04973	0	0
7.05602	0	0
7.0623	0	0
7.06858	0	0
7.07487	0	0
7.08115	0	0
7.08743	0	0
7.09372	0	0
7.1	0	0
7.10628	0	0
7.11257	0	0
7.11885	0	0
7.12513	0	0
7.13142	0	0
7.1377	0	0
7.14398	0	0
7.15026	0	0
7.15655	0	0
7.16283	0	0
7.16911	0	0
7.1754	0	0
7.18168	0	0
7.18796	0	0
7.19425	0	0
7.20053	0	0
7.20681	0	0
7.2131	0	0
7.21938	0	0
7.22566	0	0
7.23195	0	0
7.23823	0	0
7.24451	0	0
7.2508	0	0
7.25708	0	0
7.26336	0	0
7.26965	0	0
7.27593	0	0
7.28221	0	0
7.28849	0	0
7.29478	0	0
7.30106	0	0
7.30734	0	0
7.31363	0	0
7.31991	0	0
7.32619	0	0
7.33248	0	0
7.33876	0	0
7.34504	0	0
7.35133	0	0
7.35761	0	0
7.36389	0	0
7.37018	0	0
7.37646	0	0
7.38274	0	0
7.38903	0	0
7.39531	0	0
7.40159	0	0
7.40788	0	0
7.41416	0	0
7.42044	0	0
7.42673	0	0
7.43301	0	0
7.43929	0	0
7.44557	0	0
7.45186	0	0
7.45814	0	0
7.46442	0	0
7.47071	0	0
7.47699	0	0
7.48327	0	0
7.48956	0	0
7.49584	0	0
7.50212	0	0
7.50841	0	0
7.51469	0	0
7.52097	0	0
7.52726	0	0
7.53354	0	0
7.53982	0	0
7.54611	0	0
7.55239	0	0
7.55867	0	0
7.56496	0	0
7.57124	0	0
7.57752	0	0
7.5838	0	0
7.59009	0	0
7.59637	0	0
7.60265	0	0
7.60894	0	0
7.61522	0	0
7.6215	0	0
7.62779	0	0
7.63407	0	0
7.64035	0	0
7.64664	0	0
7.65292	0	0
7.6592	0	0
7.66549	0	0
7.67177	0	0
7.67805	0	0
7.68434	0	0
7.69062	0	0
7.6969	0	0
7.70319	0	0
7.70947	0	0
7.71575	0	0
7.72203	0	0
7.72832	0	0
7.7346	0	0
7.74088	0	0
7.74717	0	0
7.75345	0	0
7.75973	0	0
7.76602	0	0
7.7723	0	0
7.77858	0	0
7.78487	0	0
7.79115	0	0
7.79743	0	0
7.80372	0	0
7.81	0	0
7.81628	0	0
7.82257	0	0
7.82885	0	0
7.83513	0	0
7.84142	0	0
7.8477	0	0
7.85398	0	0
7.86026	0	0
7.86655	0	0
7.87283	0	0
7.87911	0	0
7.8854	0	0
7.89168	0	0
7.89796	0	0
7.90425	0	0
7.91053	0	0
7.91681	0	0
7.9231	0	0
7.92938	0	0
7.93566	0	0
7.94195	0	0
7.94823	0	0
7.95451	0	0
7.9608	0	0
7.96708	0	0
7.97336	0	0
7.97965	0	0
7.98593	0	0
7.99221	0	0
7.99849	0	0
8.00478	0	0
8.01106	0	0
8.01734	0	0
8.02363	0	0
8.02991	0	0
8.03619	0	0
8.04248	0	0
8.04876	0	0
8.05504	0	0
8.06133	0	0
8.06761	0	0
8.07389	0	0
8.08018	0	0
8.08646	0	0
8.09274	0	0
8.09903	0	0
8.10531	0	0
8.11159	0	0
8.11788	0	0
8.12416	0	0
8.13044	0	0
8.13672	0	0
8.14301	0	0
8.14929	0	0
8.15557	0	0
8.16186	0	0
8.16814	0	0
8.17442	0	0
8.18071	0	0
8.18699	0	0
8.19327	0	0
8.19956	0	0
8.20584	0	0
8.21212	0	0
8.21841	0	0
8.22469	0	0
8.23097	0	0
8.23726	0	0
8.24354	0	0
8.24982	0	0
8.25611	0	0
8.26239	0	0
8.26867	0	0
8.27496	0	0
8.28124	0	0
8.28752	0	0
8.2938	0	0
8.30009	0	0
8.30637	0	0
8.31265	0	0
8.31894	0	0
8.32522	0	0
8.3315	0	0
8.33779	0	0
8.34407	0	0
8.35035	0	0
8.35664	0	0
8.36292	0	0
8.3692	0	0
8.37549	0	0
8.38177	0	0
8.38805	0	0
8.39434	0	0
8.40062	0	0
8.4069	0	0
8.41319	0	0
8.41947	0	0
8.42575	0	0
8.43203	0	0
8.43832	0	0
8.4446	0	0
8.45088	0	0
8.45717	0	0
8.46345	0	0
8.46973	0	0
8.47602	0	0
8.4823	0	0
8.48858	0	0
8.49487	0	0
8.50115	0	0
8.50743	0	0
8.51372	0	0
8.52	0	0
8.52628	0	0
8.53257	0	0
8.53885	0	0
8.54513	0	0
8.55142	0	0
8.5577	0	0
8.56398	0	0
8.57026	0	0
8.57655	0	0
8.58283	0	0
8.58911	0	0
8.5954	0	0
8.60168	0	0
8.60796	0	0
8.61425	0	0
8.62053	0	0
8.62681	0	0
8.6331	0	0
8.63938	0	0
8.64566	0	0
8.65195	0	0
8.65823	0	0
8.66451	0	0
8.6708	0	0
8.67708	0	0
8.68336	0	0
8.68965	0	0
8.69593	0	0
8.70221	0	0
8.70849	0	0
8.71478	0	0
8.72106	0	0
8.72734	0	0
8.73363	0	0
8.73991	0	0
8.74619	0	0
8.75248	0	0
8.75876	0	0
8.76504	0	0
8.77133	0	0
8.77761	0	0
8.78389	0	0
8.79018	0	0
8.79646	0	0
8.80274	0	0
8.80903	0	0
8.81531	0	0
8.82159	0	0
8.82788	0	0
8.83416	0	0
8.84044	0	0
8.84672	0	0
8.85301	0	0
8.85929	0	0
8.86557	0	0
8.87186	0	0
8.87814	0	0
8.88442	0	0
8.89071	0	0
8.89699	0	0
8.90327	0	0
8.90956	0	0
8.91584	0	0
8.92212	0	0
8.92841	0	0
8.93469	0	0
8.94097	0	0
8.94726	0	0
8.95354	0	0
8.95982	0	0
8.96611	0	0
8.97239	0	0
8.97867	0	0
8.98495	0	0
8.99124	0	0
8.99752	0	0
9.0038	0	0
9.01009	0	0
9.01637	0	0
9.02265	0	0
9.02894	0	0
9.03522	0	0
9.0415	0	0
9.04779	0	0
9.05407	0	0
9.06035	0	0
9.06664	0	0
9.07292	0	0
9.0792	0	0
9.08549	0	0
9.09177	0	0
9.09805	0	0
9.10434	0	0
9.11062	0	0
9.1169	0	0
9.12319	0	0
9.12947	0	0
9.13575	0	0
9.14203	0	0
9.14832	0	0
9.1546	0	0
9.16088	0	0
9.16717	0	0
9.17345	0	0
9.17973	0	0
9.18602	0	0
9.1923	0	0
9.19858	0	0
9.20487	0	0
9.21115	0	0
9.21743	0	0
9.22372	0	0
9.23	0	0
9.23628	0	0
9.24257	0	0
9.24885	0	0
9.25513	0	0
9.26142	0	0
9.2677	0	0
9.27398	0	0
9.28026	0	0
9.28655	0	0
9.29283	0	0
9.29911	0	0
9.3054	0	0
9.31168	0	0
9.31796	0	0
9.32425	0	0
9.33053	0	0
9.33681	0	0
9.3431	0	0
9.34938	0	0
9.35566	0	0
9.36195	0	0
9.36823	0	0
9.37451	0	0
9.3808	0	0
9.38708	0	0
9.39336	0	0
9.39965	0	0
9.40593	0	0
9.41221	0	0
9.41849	0	0
9.42478	0	0
9.43106	0	0
9.43734	0	0
9.44363	0	0
9.44991	0	0
9.45619	0	0
9.46248	0	0
9.46876	0	0
9.47504	0	0
9.48133	0	0
9.48761	0	0
9.49389	0	0
9.50018	0	0
9.50646	0	0
9.51274	0	0
9.51903	0	0
9.52531	0	0
9.53159	0	0
9.53788	0	0
9.54416	0	0
9.55044	0	0
9.55672	0	0
9.56301	0	0
9.56929	0	0
9.57557	0	0
9.58186	0	0
9.58814	0	0
9.59442	0	0
9.60071	0	0
9.60699	0	0
9.61327	0	0
9.61956	0	0
9.62584	0	0
9.63212	0	0
9.63841	0	0
9.64469	0	0
9.65097	0	0
9.65726	0	0
9.66354	0	0
9.66982	0	0
9.67611	0	0
9.68239	0	0
9.68867	0	0
9.69495	0	0
9.70124	0	0
9.70752	0	0
9.7138	0	0
9.72009	0	0
9.72637	0	0
9.73265	0	0
9.73894	0	0
9.74522	0	0
9.7515	0	0
9.75779	0	0
9.76407	0	0
9.77035	0	0
9.77664	0	0
9.78292	0	0
9.7892	0	0
9.79549	0	0
9.80177	0	0
9.80805	0	0
9.81434	0	0
9.82062	0	0
9.8269	0	0
9.83319	0	0
9.83947	0	0
9.84575	0	0
9.85203	0	0
9.85832	0	0
9.8646	0	0
9.87088	0	0
9.87717	0	0
9.88345	0	0
9.88973	0	0
9.89602	0	0
9.9023	0	0
9.90858	0	0
9.91487	0	0
9.92115	0	0
9.92743	0	0
9.93372	0	0
9.94	0	0
9.94628	0	0
9.95257	0	0
9.95885	0	0
9.96513	0	0
9.97142	0	0
9.9777	0	0
9.98398	0	0
9.99026	0	0
9.99655	0	0
10.0028	0	0
10.0091	0	0
10.0154	0	0
10.0217	0	0
10.028	0	0
10.0342	0	0
10.0405	0	0
10.0468	0	0
10.0531	0	0
10.0594	0	0
10.0657	0	0
10.0719	0	0
10.0782	0	0
10.0845	0	0
10.0908	0	0
10.0971	0	0
10.1034	0	0
10.1096	0	0
10.1159	0	0
10.1222	0	0
10.1285	0	0
10.1348	0	0
10.1411	0	0
10.1473	0	0
10.1536	0	0
10.1599	0	0
10.1662	0	0
10.1725	0	0
10.1788	0	0
10.185	0	0
10.1913	0	0
10.1976	0	0
10.2039	0	0
10.2102	0	0
10.2165	0	0
10.2227	0	0
10.229	0	0
10.2353	0	0
10.2416	0	0
10.2479	0	0
10.2542	0	0
10.2604	0	0
10.2667	0	0
10.273	0	0
10.2793	0	0
10.2856	0	0
10.2919	0	0
10.2981	0	0
10.3044	0	0
10.3107	0	0
10.317	0	0
10.3233	0	0
10.3296	0	0
10.3358	0	0
10.3421	0	0
10.3484	0	0
10.3547	0	0
10.361	0	0
10.3673	0	0
10.3735	0	0
10.3798	0	0
10.3861	0	0
10.3924	0	0
10.3987	0	0
10.405	0	0
10.4112	0	0
10.4175	0	0
10.4238	0	0
10.4301	0	0
10.4364	0	0
10.4427	0	0
10.4489	0	0
10.4552	0	0
10.4615	0	0
10.4678	0	0
10.4741	0	0
10.4804	0	0
10.4866	0	0
10.4929	0	0
10.4992	0	0
10.5055	0	0
10.5118	0	0
10.5181	0	0
10.5243	0	0
10.5306	0	0
10.5369	0	0
10.5432	0	0
10.5495	0	0
10.5558	0	0
10.562	0	0
10.5683	0	0
10.5746	0	0
10.5809	0	0
10.5872	0	0
10.5935	0	0
10.5997	0	0
10.606	0	0
10.6123	0	0
10.6186	0	0
10.6249	0	0
10.6311	0	0
10.6374	0	0
10.6437	0	0
10.65	0	0
10.6563	0	0
10.6626	0	0
10.6688	0	0
10.6751	0	0
10.6814	0	0
10.6877	0	0
10.694	0	0
10.7003	0	0
10.7065	0	0
10.7128	0	0
10.7191	0	0
10.7254	0	0
10.7317	0	0
10.738	0	0
10.7442	0	0
10.7505	0	0
10.7568	0	0
10.7631	0	0
10.7694	0	0
10.7757	0	0
10.7819	0	0
10.7882	0	0
10.7945	0	0
10.8008	0	0
10.8071	0	0
10.8134	0	0
10.8196	0	0
10.8259	0	0
10.8322	0	0
10.8385	0	0
10.8448	0	0
10.8511	0	0
10.8573	0	0
10.8636	0	0
10.8699	0	0
10.8762	0	0
10.8825	0	0
10.8888	0	0
10.895	0	0
10.9013	0	0
10.9076	0	0
10.9139	0	0
10.9202	0	0
10.9265	0	0
10.9327	0	0
10.939	0	0
10.9453	0	0
10.9516	0	0
10.9579	0	0
10.9642	0	0
10.9704	0	0
10.9767	0	0
10.983	0	0
10.9893	0	0
10.9956	0	0
11.0019	0	0
11.0081	0	0
11.0144	0	0
11.0207	0	0
11.027	0	0
11.0333	0	0
11.0396	0	0
11.0458	0	0
11.0521	0	0
11.0584	0	0
11.0647	0	0
11.071	0	0
11.0773	0	0
11.0835	0	0
11.0898	0	0
11.0961	0	0
11.1024	0	0
11.1087	0	0
11.115	0	0
11.1212	0	0
11.1275	0	0
11.1338	0	0
11.1401	0	0
11.1464	0	0
11.1527	0	0
11.1589	0	0
11.1652	0	0
11.1715	0	0
11.1778	0	0
11.1841	0	0
11.1904	0	0
11.1966	0	0
11.2029	0	0
11.2092	0	0
11.2155	0	0
11.2218	0	0
11.2281	0	0
11.2343	0	0
11.2406	0	0
11.2469	0	0
11.2532	0	0
11.2595	0	0
11.2658	0	0
11.272	0	0
11.2783	0	0
11.2846	0	0
11.2909	0	0
11.2972	0	0
11.3035	0	0
11.3097	0	0
11.316	0	0
11.3223	0	0
11.3286	0	0
11.3349	0	0
11.3411	0	0
11.3474	0	0
11.3537	0	0
11.36	0	0
11.3663	0	0
11.3726	0	0
11.3788	0	0
11.3851	0	0
11.3914	0	0
11.3977	0	0
11.404	0	0
11.4103	0	0
11.4165	0	0
11.4228	0	0
11.4291	0	0
11.4354	0	0
11.4417	0	0
11.448	0	0
11.4542	0	0
11.4605	0	0
11.4668	0	0
11.4731	0	0
11.4794	0	0
11.4857	0	0
11.4919	0	0
11.4982	0	0
11.5045	0	0
11.5108	0	0
11.5171	0	0
11.5234	0	0
11.5296	0	0
11.5359	0	0
11.5422	0	0
11.5485	0	0
11.5548	0	0
11.5611	0	0
11.5673	0	0
11.5736	0	0
11.5799	0	0
11.5862	0	0
11.5925	0	0
11.5988	0	0
11.605	0	0
11.6113	0	0
11.6176	0	0
11.6239	0	0
11.6302	0	0
11.6365	0	0
11.6427	0	0
11.649	0	0
11.6553	0	0
11.6616	0	0
11.6679	0	0
11.6742	0	0
11.6804	0	0
11.6867	0	0
11.693	0	0
11.6993	0	0
11.7056	0	0
11.7119	0	0
11.7181	0	0
11.7244	0	0
11.7307	0	0
11.737	0	0
11.7433	0	0
11.7496	0	0
11.7558	0	0
11.7621	0	0
11.7684	0	0
11.7747	0	0
11.781	0	0
11.7873	0	0
11.7935	0	0
11.7998	0	0
11.8061	0	0
11.8124	0	0
11.8187	0	0
11.825	0	0
11.8312	0	0
11.8375	0	0
11.8438	0	0
11.8501	0	0
11.8564	0	0
11.8627	0	0
11.8689	0	0
11.8752	0	0
11.8815	0	0
11.8878	0	0
11.8941	0	0
11.9004	0	0
11.9066	0	0
11.9129	0	0
11.9192	0	0
11.9255	0	0
11.9318	0	0
11.9381	0	0
11.9443	0	0
11.9506	0	0
11.9569	0	0
11.9632	0	0
11.9695	0	0
11.9758	0	0
11.982	0	0
11.9883	0	0
11.9946	0	0
12.0009	0	0
12.0072	0	0
12.0135	0	0
12.0197	0	0
12.026	0	0
12.0323	0	0
12.0386	0	0
12.0449	0	0
12.0511	0	0
12.0574	0	0
12.0637	0	0
12.07	0	0
12.0763	0	0
12.0826	0	0
12.0888	0	0
12.0951	0	0
12.1014	0	0
12.1077	0	0
12.114	0	0
12.1203	0	0
12.1265	0	0
12.1328	0	0
12.1391	0	0
12.1454	0	0
12.1517	0	0
12.158	0	0
12.1642	0	0
12.1705	0	0
12.1768	0	0
12.1831	0	0
12.1894	0	0
12.1957	0	0
12.2019	0	0
12.2082	0	0
12.2145	0	0
12.2208	0	0
12.2271	0	0
12.2334	0	0
12.2396	0	0
12.2459	0	0
12.2522	0	0
12.2585	0	0
12.2648	0	0
12.2711	0	0
12.2773	0	0
12.2836	0	0
12.2899	0	0
12.2962	0	0
12.3025	0	0
12.3088	0	0
12.315	0	0
12.3213	0	0
12.3276	0	0
12.3339	0	0
12.3402	0	0
12.3465	0	0
12.3527	0	0
12.359	0	0
12.3653	0	0
12.3716	0	0
12.3779	0	0
12.3842	0	0
12.3904	0	0
12.3967	0	0
12.403	0	0
12.4093	0	0
12.4156	0	0
12.4219	0	0
12.4281	0	0
12.4344	0	0
12.4407	0	0
12.447	0	0
12.4533	0	0
12.4596	0	0
12.4658	0	0
12.4721	0	0
12.4784	0	0
12.4847	0	0
12.491	0	0
12.4973	0	0
12.5035	0	0
12.5098	0	0
12.5161	0	0
12.5224	0	0
12.5287	0	0
12.535	0	0
12.5412	0	0
12.5475	0	0
12.5538	0	0
12.5601	0	0
12.5664	0	0
12.5727	0	0
12.5789	0	0
12.5852	0	0
12.5915	0	0
12.5978	0	0
12.6041	0	0
12.6104	0	0
12.6166	0	0
12.6229	0	0
12.6292	0	0
12.6355	0	0
12.6418	0	0
12.6481	0	0
12.6543	0	0
12.6606	0	0
12.6669	0	0
12.6732	0	0
12.6795	0	0
12.6858	0	0
12.692	0	0
12.6983	0	0
12.7046	0	0
12.7109	0	0
12.7172	0	0
12.7235	0	0
12.7297	0	0
12.736	0	0
12.7423	0	0
12.7486	0	0
12.7549	0	0
12.7611	0	0
12.7674	0	0
12.7737	0	0
12.78	0	0
12.7863	0	0
12.7926	0	0
12.7988	0	0
12.8051	0	0
12.8114	0	0
12.8177	0	0
12.824	0	0
12.8303	0	0
12.8365	0	0
12.8428	0	0
12.8491	0	0
12.8554	0	0
12.8617	0	0
12.868	0	0
12.8742	0	0
12.8805	0	0
12.8868	0	0
12.8931	0	0
12.8994	0	0
12.9057	0	0
12.9119	0	0
12.9182	0	0
12.9245	0	0
12.9308	0	0
12.9371	0	0
12.9434	0	0
12.9496	0	0
12.9559	0	0
12.9622	0	0
12.9685	0	0
12.9748	0	0
12.9811	0	0
12.9873	0	0
12.9936	0	0
12.9999	0	0
13.0062	0	0
13.0125	0	0
13.0188	0	0
13.025	0	0
13.0313	0	0
13.0376	0	0
13.0439	0	0
13.0502	0	0
13.0565	0	0
13.0627	0	0
13.069	0	0
13.0753	0	0
13.0816	0	0
13.0879	0	0
13.0942	0	0
13.1004	0	0
13.1067	0	0
13.113	0	0
13.1193	0	0
13.1256	0	0
13.1319	0	0
13.1381	0	0
13.1444	0	0
13.1507	0	0
13.157	0	0
13.1633	0	0
13.1696	0	0
13.1758	0	0
13.1821	0	0
13.1884	0	0
13.1947	0	0
13.201	0	0
13.2073	0	0
13.2135	0	0
13.2198	0	0
13.2261	0	0
13.2324	0	0
13.2387	0	0
13.245	0	0
13.2512	0	0
13.2575	0	0
13.2638	0	0
13.2701	0	0
13.2764	0	0
13.2827	0	0
13.2889	0	0
13.2952	0	0
13.3015	0	0
13.3078	0	0
13.3141	0	0
13.3204	0	0
13.3266	0	0
13.3329	0	0
13.3392	0	0
13.3455	0	0
13.3518	0	0
13.3581	0	0
13.3643	0	0
13.3706	0	0
13.3769	0	0
13.3832	0	0
13.3895	0	0
13.3958	0	0
13.402	0	0
13.4083	0	0
13.4146	0	0
13.4209	0	0
13.4272	0	0
13.4335	0	0
13.4397	0	0
13.446	0	0
13.4523	0	0
13.4586	0	0
13.4649	0	0
13.4711	0	0
13.4774	0	0
13.4837	0	0
13.49	0	0
13.4963	0	0
13.5026	0	0
13.5088	0	0
13.5151	0	0
13.5214	0	0
13.5277	0	0
13.534	0	0
13.5403	0	0
13.5465	0	0
13.5528	0	0
13.5591	0	0
13.5654	0	0
13.5717	0	0
13.578	0	0
13.5842	0	0
13.5905	0	0
13.5968	0	0
13.6031	0	0
13.6094	0	0
13.6157	0	0
13.6219	0	0
13.6282	0	0
13.6345	0	0
13.6408	0	0
13.6471	0	0
13.6534	0	0
13.6596	0	0
13.6659	0	0
13.6722	0	0
13.6785	0	0
13.6848	0	0
13.6911	0	0
13.6973	0	0
13.7036	0	0
13.7099	0	0
13.7162	0	0
13.7225	0	0
13.7288	0	0
13.735	0	0
13.7413	0	0
13.7476	0	0
13.7539	0	0
13.7602	0	0
13.7665	0	0
13.7727	0	0
13.779	0	0
13.7853	0	0
13.7916	0	0
13.7979	0	0
13.8042	0	0
13.8104	0	0
13.8167	0	0
13.823	0	0
13.8293	0	0
13.8356	0	0
13.8419	0	0
13.8481	0	0
13.8544	0	0
13.8607	0	0
13.867	0	0
13.8733	0	0
13.8796	0	0
13.8858	0	0
13.8921	0	0
13.8984	0	0
13.9047	0	0
13.911	0	0
13.9173	0	0
13.9235	0	0
13.9298	0	0
13.9361	0	0
13.9424	0	0
13.9487	0	0
13.955	0	0
13.9612	0	0
13.9675	0	0
13.9738	0	0
13.9801	0	0
13.9864	0	0
13.9927	0	0
13.9989	0	0
14.0052	0	0
14.0115	0	0
14.0178	0	0
14.0241	0	0
14.0304	0	0
14.0366	0	0
14.0429	0	0
14.0492	0	0
14.0555	0	0
14.0618	0	0
14.0681	0	0
14.0743	0	0
14.0806	0	0
14.0869	0	0
14.0932	0	0
14.0995	0	0
14.1058	0	0
14.112	0	0
14.1183	0	0
14.1246	0	0
14.1309	0	0
14.1372	0	0
14.1435	0	0
14.1497	0	0
14.156	0	0
14.1623	0	0
14.1686	0	0
14.1749	0	0
14.1811	0	0
14.1874	0	0
14.1937	0	0
14.2	0	0
14.2063	0	0
14.2126	0	0
14.2188	0	0
14.2251	0	0
14.2314	0	0
14.2377	0	0
14.244	0	0
14.2503	0	0
14.2565	0	0
14.2628	0	0
14.2691	0	0
14.2754	0	0
14.2817	0	0
14.288	0	0
14.2942	0	0
14.3005	0	0
14.3068	0	0
14.3131	0	0
14.3194	0	0
14.3257	0	0
14.3319	0	0
14.3382	0	0
14.3445	0	0
14.3508	0	0
14.3571	0	0
14.3634	0	0
14.3696	0	0
14.3759	0	0
14.3822	0	0
14.3885	0	0
14.3948	0	0
14.4011	0	0
14.4073	0	0
14.4136	0	0
14.4199	0	0
14.4262	0	0
14.4325	0	0
14.4388	0	0
14.445	0	0
14.4513	0	0
14.4576	0	0
14.4639	0	0
14.4702	0	0
14.4765	0	0
14.4827	0	0
14.489	0	0
14.4953	0	0
14.5016	0	0
14.5079	0	0
14.5142	0	0
14.5204	0	0
14.5267	0	0
14.533	0	0
14.5393	0	0
14.5456	0	0
14.5519	0	0
14.5581	0	0
14.5644	0	0
14.5707	0	0
14.577	0	0
14.5833	0	0
14.5896	0	0
14.5958	0	0
14.6021	0	0
14.6084	0	0
14.6147	0	0
14.621	0	0
14.6273	0	0
14.6335	0	0
14.6398	0	0
14.6461	0	0
14.6524	0	0
14.6587	0	0
14.665	0	0
14.6712	0	0
14.6775	0	0
14.6838	0	0
14.6901	0	0
14.6964	0	0
14.7027	0	0
14.7089	0	0
14.7152	0	0
14.7215	0	0
14.7278	0	0
14.7341	0	0
14.7404	0	0
14.7466	0	0
14.7529	0	0
14.7592	0	0
14.7655	0	0
14.7718	0	0
14.7781	0	0
14.7843	0	0
14.7906	0	0
14.7969	0	0
14.8032	0	0
14.8095	0	0
14.8158	0	0
14.822	0	0
14.8283	0	0
14.8346	0	0
14.8409	0	0
14.8472	0	0
14.8535	0	0
14.8597	0	0
14.866	0	0
14.8723	0	0
14.8786	0	0
14.8849	0	0
14.8911	0	0
14.8974	0	0
14.9037	0	0
14.91	0	0
14.9163	0	0
14.9226	0	0
14.9288	0	0
14.9351	0	0
14.9414	0	0
14.9477	0	0
14.954	0	0
14.9603	0	0
14.9665	0	0
14.9728	0	0
14.9791	0	0
14.9854	0	0
14.9917	0	0
14.998	0	0
15.0042	0	0
15.0105	0	0
15.0168	0	0
15.0231	0	0
15.0294	0	0
15.0357	0	0
15.0419	0	0
15.0482	0	0
15.0545	0	0
15.0608	0	0
15.0671	0	0
15.0734	0	0
15.0796	0	0
15.0859	0	0
15.0922	0	0
15.0985	0	0
15.1048	0	0
15.1111	0	0
15.1173	0	0
15.1236	0	0
15.1299	0	0
15.1362	0	0
15.1425	0	0
15.1488	0	0
15.155	0	0
15.1613	0	0
15.1676	0	0
15.1739	0	0
15.1802	0	0
15.1865	0	0
15.1927	0	0
15.199	0	0
15.2053	0	0
15.2116	0	0
15.2179	0	0
15.2242	0	0
15.2304	0	0
15.2367	0	0
15.243	0	0
15.2493	0	0
15.2556	0	0
15.2619	0	0
15.2681	0	0
15.2744	0	0
15.2807	0	0
15.287	0	0
15.2933	0	0
15.2996	0	0
15.3058	0	0
15.3121	0	0
15.3184	0	0
15.3247	0	0
15.331	0	0
15.3373	0	0
15.3435	0	0
15.3498	0	0
15.3561	0	0
15.3624	0	0
15.3687	0	0
15.375	0	0
15.3812	0	0
15.3875	0	0
15.3938	0	0
15.4001	0	0
15.4064	0	0
15.4127	0	0
15.4189	0	0
15.4252	0	0
15.4315	0	0
15.4378	0	0
15.4441	0	0
15.4504	0	0
15.4566	0	0
15.4629	0	0
15.4692	0	0
15.4755	0	0
15.4818	0	0
15.4881	0	0
15.4943	0	0
15.5006	0	0
15.5069	0	0
15.5132	0	0
15.5195	0	0
15.5258	0	0
15.532	0	0
15.5383	0	0
15.5446	0	0
15.5509	0	0
15.5572	0	0
15.5635	0	0
15.5697	0	0
15.576	0	0
15.5823	0	0
15.5886	0	0
15.5949	0	0
15.6011	0	0
15.6074	0	0
15.6137	0	0
15.62	0	0
15.6263	0	0
15.6326	0	0
15.6388	0	0
15.6451	0	0
15.6514	0	0
15.6577	0	0
15.664	0	0
15.6703	0	0
15.6765	0	0
15.6828	0	0
15.6891	0	0
15.6954	0	0
15.7017	0	0
15.708	0	0
15.7142	0	0
15.7205	0	0
15.7268	0	0
15.7331	0	0
15.7394	0	0
15.7457	0	0
15.7519	0	0
15.7582	0	0
15.7645	0	0
15.7708	0	0
15.7771	0	0
15.7834	0	0
15.7896	0	0
15.7959	0	0
15.8022	0	0
15.8085	0	0
15.8148	0	0
15.8211	0	0
15.8273	0	0
15.8336	0	0
15.8399	0	0
15.8462	0	0
15.8525	0	0
15.8588	0	0
15.865	0	0
15.8713	0	0
15.8776	0	0
15.8839	0	0
15.8902	0	0
15.8965	0	0
15.9027	0	0
15.909	0	0
15.9153	0	0
15.9216	0	0
15.9279	0	0
15.9342	0	0
15.9404	0	0
15.9467	0	0
15.953	0	0
15.9593	0	0
15.9656	0	0
15.9719	0	0
15.9781	0	0
15.9844	0	0
15.9907	0	0
15.997	0	0
16.0033	0	0
16.0096	0	0
16.0158	0	0
16.0221	0	0
16.0284	0	0
16.0347	0	0
16.041	0	0
16.0473	0	0
16.0535	0	0
16.0598	0	0
16.0661	0	0
16.0724	0	0
16.0787	0	0
16.085	0	0
16.0912	0	0
16.0975	0	0
16.1038	0	0
16.1101	0	0
16.1164	0	0
16.1227	0	0
16.1289	0	0
16.1352	0	0
16.1415	0	0
16.1478	0	0
16.1541	0	0
16.1604	0	0
16.1666	0	0
16.1729	0	0
16.1792	0	0
16.1855	0	0
16.1918	0	0
16.1981	0	0
16.2043	0	0
16.2106	0	0
16.2169	0	0
16.2232	0	0
16.2295	0	0
16.2358	0	0
16.242	0	0
16.2483	0	0
16.2546	0	0
16.2609	0	0
16.2672	0	0
16.2734	0	0
16.2797	0	0
16.286	0	0
16.2923	0	0
16.2986	0	0
16.3049	0	0
16.3111	0	0
16.3174	0	0
16.3237	0	0
16.33	0	0
16.3363	0	0
16.3426	0	0
16.3488	0	0
16.3551	0	0
16.3614	0	0
16.3677	0	0
16.374	0	0
16.3803	0	0
16.3865	0	0
16.3928	0	0
16.3991	0	0
16.4054	0	0
16.4117	0	0
16.418	0	0
16.4242	0	0
16.4305	0	0
16.4368	0	0
16.4431	0	0
16.4494	0	0
16.4557	0	0
16.4619	0	0
16.4682	0	0
16.4745	0	0
16.4808	0	0
16.4871	0	0
16.4934	0	0
16.4996	0	0
16.5059	0	0
16.5122	0	0
16.5185	0	0
16.5248	0	0
16.5311	0	0
16.5373	0	0
16.5436	0	0
16.5499	0	0
16.5562	0	0
16.5625	0	0
16.5688	0	0
16.575	0	0
16.5813	0	0
16.5876	0	0
16.5939	0	0
16.6002	0	0
16.6065	0	0
16.6127	0	0
16.619	0	0
16.6253	0	0
16.6316	0	0
16.6379	0	0
16.6442	0	0
16.6504	0	0
16.6567	0	0
16.663	0	0
16.6693	0	0
16.6756	0	0
16.6819	0	0
16.6881	0	0
16.6944	0	0
16.7007	0	0
16.707	0	0
16.7133	0	0
16.7196	0	0
16.7258	0	0
16.7321	0	0
16.7384	0	0
16.7447	0	0
16.751	0	0
16.7573	0	0
16.7635	0	0
16.7698	0	0
16.7761	0	0
16.7824	0	0
16.7887	0	0
16.795	0	0
16.8012	0	0
16.8075	0	0
16.8138	0	0
16.8201	0	0
16.8264	0	0
16.8327	0	0
16.8389	0	0
16.8452	0	0
16.8515	0	0
16.8578	0	0
16.8641	0	0
16.8704	0	0
16.8766	0	0
16.8829	0	0
16.8892	0	0
16.8955	0	0
16.9018	0	0
16.9081	0	0
16.9143	0	0
16.9206	0	0
16.9269	0	0
16.9332	0	0
16.9395	0	0
16.9458	0	0
16.952	0	0
16.9583	0	0
16.9646	0	0
16.9709	0	0
16.9772	0	0
16.9834	0	0
16.9897	0	0
16.996	0	0
17.0023	0	0
17.0086	0	0
17.0149	0	0
17.0211	0	0
17.0274	0	0
17.0337	0	0
17.04	0	0
17.0463	0	0
17.0526	0	0
17.0588	0	0
17.0651	0	0
17.0714	0	0
17.0777	0	0
17.084	0	0
17.0903	0	0
17.0965	0	0
17.1028	0	0
17.1091	0	0
17.1154	0	0
17.1217	0	0
17.128	0	0
17.1342	0	0
17.1405	0	0
17.1468	0	0
17.1531	0	0
17.1594	0	0
17.1657	0	0
17.1719	0	0
17.1782	0	0
17.1845	0	0
17.1908	0	0
17.1971	0	0
17.2034	0	0
17.2096	0	0
17.2159	0	0
17.2222	0	0
17.2285	0	0
17.2348	0	0
17.2411	0	0
17.2473	0	0
17.2536	0	0
17.2599	0	0
17.2662	0	0
17.2725	0	0
17.2788	0	0
17.285	0	0
17.2913	0	0
17.2976	0	0
17.3039	0	0
17.3102	0	0
17.3165	0	0
17.3227	0	0
17.329	0	0
17.3353	0	0
17.3416	0	0
17.3479	0	0
17.3542	0	0
17.3604	0	0
17.3667	0	0
17.373	0	0
17.3793	0	0
17.3856	0	0
17.3919	0	0
17.3981	0	0
17.4044	0	0
17.4107	0	0
17.417	0	0
17.4233	0	0
17.4296	0	0
17.4358	0	0
17.4421	0	0
17.4484	0	0
17.4547	0	0
17.461	0	0
17.4673	0	0
17.4735	0	0
17.4798	0	0
17.4861	0	0
17.4924	0	0
17.4987	0	0
17.505	0	0
17.5112	0	0
17.5175	0	0
17.5238	0	0
17.5301	0	0
17.5364	0	0
17.5427	0	0
17.5489	0	0
17.5552	0	0
17.5615	0	0
17.5678	0	0
17.5741	0	0
17.5804	0	0
17.5866	0	0
17.5929	0	0
17.5992	0	0
17.6055	0	0
17.6118	0	0
17.6181	0	0
17.6243	0	0
17.6306	0	0
17.6369	0	0
17.6432	0	0
17.6495	0	0
17.6558	0	0
17.662	0	0
17.6683	0	0
17.6746	0	0
17.6809	0	0
17.6872	0	0
17.6934	0	0
17.6997	0	0
17.706	0	0
17.7123	0	0
17.7186	0	0
17.7249	0	0
17.7311	0	0
17.7374	0	0
17.7437	0	0
17.75	0	0
17.7563	0	0
17.7626	0	0
17.7688	0	0
17.7751	0	0
17.7814	0	0
17.7877	0	0
17.794	0	0
17.8003	0	0
17.8065	0	0
17.8128	0	0
17.8191	0	0
17.8254	0	0
17.8317	0	0
17.838	0	0
17.8442	0	0
17.8505	0	0
17.8568	0	0
17.8631	0	0
17.8694	0	0
17.8757	0	0
17.8819	0	0
17.8882	0	0
17.8945	0	0
17.9008	0	0
17.9071	0	0
17.9134	0	0
17.9196	0	0
17.9259	0	0
17.9322	0	0
17.9385	0	0
17.9448	0	0
17.9511	0	0
17.9573	0	0
17.9636	0	0
17.9699	0	0
17.9762	0	0
17.9825	0	0
17.9888	0	0
17.995	0	0
18.0013	0	0
18.0076	0	0
18.0139	0	0
18.0202	0	0
18.0265	0	0
18.0327	0	0
18.039	0	0
18.0453	0	0
18.0516	0	0
18.0579	0	0
18.0642	0	0
18.0704	0	0
18.0767	0	0
18.083	0	0
18.0893	0	0
18.0956	0	0
18.1019	0	0
18.1081	0	0
18.1144	0	0
18.1207	0	0
18.127	0	0
18.1333	0	0
18.1396	0	0
18.1458	0	0
18.1521	0	0
18.1584	0	0
18.1647	0	0
18.171	0	0
18.1773	0	0
18.1835	0	0
18.1898	0	0
18.1961	0	0
18.2024	0	0
18.2087	0	0
18.215	0	0
18.2212	0	0
18.2275	0	0
18.2338	0	0
18.2401	0	0
18.2464	0	0
18.2527	0	0
18.2589	0	0
18.2652	0	0
18.2715	0	0
18.2778	0	0
18.2841	0	0
18.2904	0	0
18.2966	0	0
18.3029	0	0
18.3092	0	0
18.3155	0	0
18.3218	0	0
18.3281	0	0
18.3343	0	0
18.3406	0	0
18.3469	0	0
18.3532	0	0
18.3595	0	0
18.3658	0	0
18.372	0	0
18.3783	0	0
18.3846	0	0
18.3909	0	0
18.3972	0	0
18.4034	0	0
18.4097	0	0
18.416	0	0
18.4223	0	0
18.4286	0	0
18.4349	0	0
18.4411	0	0
18.4474	0	0
18.4537	0	0
18.46	0	0
18.4663	0	0
18.4726	0	0
18.4788	0	0
18.4851	0	0
18.4914	0	0
18.4977	0	0
18.504	0	0
18.5103	0	0
18.5165	0	0
18.5228	0	0
18.5291	0	0
18.5354	0	0
18.5417	0	0
18.548	0	0
18.5542	0	0
18.5605	0	0
18.5668	0	0
18.5731	0	0
18.5794	0	0
18.5857	0	0
18.5919	0	0
18.5982	0	0
18.6045	0	0
18.6108	0	0
18.6171	0	0
18.6234	0	0
18.6296	0	0
18.6359	0	0
18.6422	0	0
18.6485	0	0
18.6548	0	0
18.6611	0	0
18.6673	0	0
18.6736	0	0
18.6799	0	0
18.6862	0	0
18.6925	0	0
18.6988	0	0
18.705	0	0
18.7113	0	0
18.7176	0	0
18.7239	0	0
18.7302	0	0
18.7365	0	0
18.7427	0	0
18.749	0	0
18.7553	0	0
18.7616	0	0
18.7679	0	0
18.7742	0	0
18.7804	0	0
18.7867	0	0
18.793	0	0
18.7993	0	0
18.8056	0	0
18.8119	0	0
18.8181	0	0
18.8244	0	0
18.8307	0	0
18.837	0	0
18.8433	0	0
18.8496	0	0
